classifier	assembler	sample	TP	FP	FN	precision	recall	f1_score	total_contigs	true_plasmids	predicted_plasmids
DMC	megahit	0	97	44868	53	0.0021572334037584786	0.6466666666666666	0.004300121910672725	401783	150	44965
DMC	megahit	1	85	53546	21	0.0015849042531371781	0.8018867924528302	0.0031635558367605187	508942	106	53631
DMC	megahit	2	83	60606	52	0.0013676284005338694	0.6148148148148148	0.0027291858476917005	524111	135	60689
DMC	megahit	3	101	57332	72	0.0017585708564762418	0.5838150289017341	0.0035065791757803006	524058	173	57433
DMC	megahit	4	79	39184	56	0.002012072434607646	0.5851851851851851	0.004010355855627189	360048	135	39263
DMC	megahit	5	88	41696	71	0.002106069308826345	0.5534591194968553	0.004196170993968004	401064	159	41784
DMC	megahit	6	74	48532	50	0.0015224457885857712	0.5967741935483871	0.003037143443463985	457606	124	48606
DMC	megahit	7	76	48192	31	0.0015745421397198973	0.7102803738317757	0.003142118863049096	428985	107	48268
DMC	megahit	8	89	58848	39	0.0015100870420957971	0.6953125	0.0030136290527385083	540913	128	58937
DMC	megahit	9	69	43328	39	0.0015899716570269835	0.6388888888888888	0.003172049189748305	417836	108	43397
DMC	mpSPAdes	0	83	62	16	0.5724137931034483	0.8383838383838383	0.680327868852459	198	99	145
DMC	mpSPAdes	1	68	43	13	0.6126126126126126	0.8395061728395061	0.7083333333333333	154	81	111
DMC	mpSPAdes	2	71	46	11	0.6068376068376068	0.8658536585365854	0.7135678391959799	163	82	117
DMC	mpSPAdes	3	74	42	11	0.6379310344827587	0.8705882352941177	0.736318407960199	158	85	116
DMC	mpSPAdes	4	54	40	9	0.574468085106383	0.8571428571428571	0.6878980891719746	130	63	94
DMC	mpSPAdes	5	48	39	10	0.5517241379310345	0.8275862068965517	0.6620689655172414	124	58	87
DMC	mpSPAdes	6	51	42	12	0.5483870967741935	0.8095238095238095	0.6538461538461537	135	63	93
DMC	mpSPAdes	7	57	44	9	0.5643564356435643	0.8636363636363636	0.6826347305389221	134	66	101
DMC	mpSPAdes	8	69	41	12	0.6272727272727273	0.8518518518518519	0.7225130890052356	157	81	110
DMC	mpSPAdes	9	53	40	7	0.5698924731182796	0.8833333333333333	0.69281045751634	131	60	93
genomad	megahit	0	61	1226	89	0.0473970473970474	0.4066666666666667	0.0848990953375087	401783	150	1287
genomad	megahit	1	54	1169	52	0.044153720359771054	0.5094339622641509	0.08126410835214447	508942	106	1223
genomad	megahit	2	53	1253	82	0.04058192955589587	0.3925925925925926	0.07356002775850104	524111	135	1306
genomad	megahit	3	57	1198	116	0.04541832669322709	0.32947976878612717	0.07983193277310924	524058	173	1255
genomad	megahit	4	52	908	83	0.05416666666666667	0.3851851851851852	0.09497716894977168	360048	135	960
genomad	megahit	5	50	898	109	0.052742616033755275	0.31446540880503143	0.09033423667570008	401064	159	948
genomad	megahit	6	45	1144	79	0.03784693019343986	0.3629032258064516	0.06854531607006854	457606	124	1189
genomad	megahit	7	55	1018	52	0.05125815470643057	0.514018691588785	0.09322033898305085	428985	107	1073
genomad	megahit	8	53	975	75	0.05155642023346303	0.4140625	0.09169550173010381	540913	128	1028
genomad	megahit	9	51	961	57	0.05039525691699605	0.4722222222222222	0.09107142857142857	417836	108	1012
genomad	mpSPAdes	0	57	21	42	0.7307692307692307	0.5757575757575758	0.6440677966101696	198	99	78
genomad	mpSPAdes	1	44	16	37	0.7333333333333333	0.5432098765432098	0.624113475177305	154	81	60
genomad	mpSPAdes	2	47	17	35	0.734375	0.573170731707317	0.6438356164383561	163	82	64
genomad	mpSPAdes	3	50	16	35	0.7575757575757576	0.5882352941176471	0.6622516556291391	158	85	66
genomad	mpSPAdes	4	36	18	27	0.6666666666666666	0.5714285714285714	0.6153846153846153	130	63	54
genomad	mpSPAdes	5	35	9	23	0.7954545454545454	0.603448275862069	0.6862745098039215	124	58	44
genomad	mpSPAdes	6	39	13	24	0.75	0.6190476190476191	0.6782608695652174	135	63	52
genomad	mpSPAdes	7	42	16	24	0.7241379310344828	0.6363636363636364	0.6774193548387097	134	66	58
genomad	mpSPAdes	8	47	18	34	0.7230769230769231	0.5802469135802469	0.6438356164383562	157	81	65
genomad	mpSPAdes	9	37	14	23	0.7254901960784313	0.6166666666666667	0.6666666666666666	131	60	51
mobrecon	megahit	0	5	900	145	0.0055248618784530384	0.03333333333333333	0.009478672985781991	401783	150	905
mobrecon	megahit	1	3	1001	103	0.00298804780876494	0.02830188679245283	0.005405405405405406	508942	106	1004
mobrecon	megahit	2	4	1222	131	0.0032626427406199023	0.02962962962962963	0.005878030859662014	524111	135	1226
mobrecon	megahit	3	4	868	169	0.0045871559633027525	0.023121387283236993	0.007655502392344498	524058	173	872
mobrecon	megahit	4	6	500	129	0.011857707509881422	0.044444444444444446	0.018720748829953195	360048	135	506
mobrecon	megahit	5	3	547	156	0.005454545454545455	0.018867924528301886	0.00846262341325811	401064	159	550
mobrecon	megahit	6	3	1064	121	0.0028116213683223993	0.024193548387096774	0.005037783375314861	457606	124	1067
mobrecon	megahit	7	3	865	104	0.0034562211981566822	0.028037383177570093	0.006153846153846153	428985	107	868
mobrecon	megahit	8	4	959	124	0.004153686396677051	0.03125	0.007332722273143905	540913	128	963
mobrecon	megahit	9	2	774	106	0.002577319587628866	0.018518518518518517	0.004524886877828054	417836	108	776
mobrecon	mpSPAdes	0	2	1	97	0.6666666666666666	0.020202020202020204	0.03921568627450981	198	99	3
mobrecon	mpSPAdes	1	2	4	79	0.3333333333333333	0.024691358024691357	0.04597701149425287	154	81	6
mobrecon	mpSPAdes	2	2	3	80	0.4	0.024390243902439025	0.04597701149425288	163	82	5
mobrecon	mpSPAdes	3	3	5	82	0.375	0.03529411764705882	0.06451612903225806	158	85	8
mobrecon	mpSPAdes	4	2	4	61	0.3333333333333333	0.031746031746031744	0.057971014492753624	130	63	6
mobrecon	mpSPAdes	5	2	0	56	1.0	0.034482758620689655	0.06666666666666667	124	58	2
mobrecon	mpSPAdes	6	2	3	61	0.4	0.031746031746031744	0.058823529411764705	135	63	5
mobrecon	mpSPAdes	7	3	4	63	0.42857142857142855	0.045454545454545456	0.0821917808219178	134	66	7
mobrecon	mpSPAdes	8	2	2	79	0.5	0.024691358024691357	0.047058823529411764	157	81	4
mobrecon	mpSPAdes	9	1	4	59	0.2	0.016666666666666666	0.03076923076923077	131	60	5
plasclass	megahit	0	45	47034	105	0.0009558401835213152	0.3	0.001905608842025027	401783	150	47079
plasclass	megahit	1	31	61925	75	0.0005003550907095358	0.29245283018867924	0.0009990009990009988	508942	106	61956
plasclass	megahit	2	39	62574	96	0.0006228738440898855	0.28888888888888886	0.0012430675081277491	524111	135	62613
plasclass	megahit	3	57	61714	116	0.0009227631089022357	0.32947976878612717	0.0018403719488570324	524058	173	61771
plasclass	megahit	4	43	41071	92	0.0010458724522060612	0.31851851851851853	0.002084899027855221	360048	135	41114
plasclass	megahit	5	52	47729	107	0.0010882986961344467	0.3270440251572327	0.0021693783896537338	401064	159	47781
plasclass	megahit	6	38	52570	86	0.000722323600973236	0.3064516129032258	0.0014412500948190851	457606	124	52608
plasclass	megahit	7	37	49588	70	0.0007455919395465995	0.34579439252336447	0.0014879755489423307	428985	107	49625
plasclass	megahit	8	47	62824	81	0.0007475624691829301	0.3671875	0.0014920871759869204	540913	128	62871
plasclass	megahit	9	33	47922	75	0.0006881451360650609	0.3055555555555556	0.0013731976780475624	417836	108	47955
plasclass	mpSPAdes	0	30	25	69	0.5454545454545454	0.30303030303030304	0.3896103896103897	198	99	55
plasclass	mpSPAdes	1	23	20	58	0.5348837209302325	0.2839506172839506	0.3709677419354838	154	81	43
plasclass	mpSPAdes	2	26	22	56	0.5416666666666666	0.3170731707317073	0.39999999999999997	163	82	48
plasclass	mpSPAdes	3	21	18	64	0.5384615384615384	0.24705882352941178	0.33870967741935487	158	85	39
plasclass	mpSPAdes	4	16	15	47	0.5161290322580645	0.25396825396825395	0.3404255319148936	130	63	31
plasclass	mpSPAdes	5	19	13	39	0.59375	0.3275862068965517	0.42222222222222217	124	58	32
plasclass	mpSPAdes	6	20	13	43	0.6060606060606061	0.31746031746031744	0.4166666666666667	135	63	33
plasclass	mpSPAdes	7	22	18	44	0.55	0.3333333333333333	0.4150943396226416	134	66	40
plasclass	mpSPAdes	8	24	17	57	0.5853658536585366	0.2962962962962963	0.3934426229508196	157	81	41
plasclass	mpSPAdes	9	23	16	37	0.5897435897435898	0.38333333333333336	0.46464646464646464	131	60	39
plasme	megahit	0	21	10134	129	0.00206794682422452	0.14	0.004075691411935954	401783	150	10155
plasme	megahit	1	20	10705	86	0.0018648018648018648	0.18867924528301888	0.003693103129904903	508942	106	10725
plasme	megahit	2	17	12444	118	0.001364256480218281	0.1259259259259259	0.0026992696093998095	524111	135	12461
plasme	megahit	3	20	11823	153	0.001688761293591151	0.11560693641618497	0.0033288948069241015	524058	173	11843
plasme	megahit	4	19	7888	116	0.002402934109017326	0.14074074074074075	0.004725192738124845	360048	135	7907
plasme	megahit	5	16	8070	143	0.001978728666831561	0.10062893081761007	0.00388114008489994	401064	159	8086
plasme	megahit	6	21	9874	103	0.0021222839818089943	0.1693548387096774	0.0041920351332468304	457606	124	9895
plasme	megahit	7	18	9062	89	0.001982378854625551	0.16822429906542055	0.003918580603026016	428985	107	9080
plasme	megahit	8	21	10874	107	0.00192748967416246	0.1640625	0.0038102150049895674	540913	128	10895
plasme	megahit	9	17	7116	91	0.0023832889387354547	0.1574074074074074	0.0046954840491644795	417836	108	7133
plasme	mpSPAdes	0	16	14	83	0.5333333333333333	0.16161616161616163	0.24806201550387597	198	99	30
plasme	mpSPAdes	1	13	11	68	0.5416666666666666	0.16049382716049382	0.24761904761904763	154	81	24
plasme	mpSPAdes	2	15	10	67	0.6	0.18292682926829268	0.2803738317757009	163	82	25
plasme	mpSPAdes	3	14	14	71	0.5	0.16470588235294117	0.24778761061946902	158	85	28
plasme	mpSPAdes	4	9	15	54	0.375	0.14285714285714285	0.20689655172413796	130	63	24
plasme	mpSPAdes	5	9	9	49	0.5	0.15517241379310345	0.2368421052631579	124	58	18
plasme	mpSPAdes	6	9	15	54	0.375	0.14285714285714285	0.20689655172413796	135	63	24
plasme	mpSPAdes	7	12	13	54	0.48	0.18181818181818182	0.2637362637362637	134	66	25
plasme	mpSPAdes	8	12	15	69	0.4444444444444444	0.14814814814814814	0.2222222222222222	157	81	27
plasme	mpSPAdes	9	8	12	52	0.4	0.13333333333333333	0.2	131	60	20
plasmidfinder	megahit	0	0	4	150	0.0	0.0	0.0	401783	150	4
plasmidfinder	megahit	1	1	6	105	0.14285714285714285	0.009433962264150943	0.017699115044247787	508942	106	7
plasmidfinder	megahit	2	0	3	135	0.0	0.0	0.0	524111	135	3
plasmidfinder	megahit	3	0	3	173	0.0	0.0	0.0	524058	173	3
plasmidfinder	megahit	4	0	3	135	0.0	0.0	0.0	360048	135	3
plasmidfinder	megahit	5	0	3	159	0.0	0.0	0.0	401064	159	3
plasmidfinder	megahit	6	0	4	124	0.0	0.0	0.0	457606	124	4
plasmidfinder	megahit	7	0	4	107	0.0	0.0	0.0	428985	107	4
plasmidfinder	megahit	8	0	4	128	0.0	0.0	0.0	540913	128	4
plasmidfinder	megahit	9	0	3	108	0.0	0.0	0.0	417836	108	3
plasmidfinder	mpSPAdes	0	0	0	99	0.0	0.0	0.0	198	99	0
plasmidfinder	mpSPAdes	1	0	3	81	0.0	0.0	0.0	154	81	3
plasmidfinder	mpSPAdes	2	0	2	82	0.0	0.0	0.0	163	82	2
plasmidfinder	mpSPAdes	3	0	3	85	0.0	0.0	0.0	158	85	3
plasmidfinder	mpSPAdes	4	0	3	63	0.0	0.0	0.0	130	63	3
plasmidfinder	mpSPAdes	5	0	0	58	0.0	0.0	0.0	124	58	0
plasmidfinder	mpSPAdes	6	0	2	63	0.0	0.0	0.0	135	63	2
plasmidfinder	mpSPAdes	7	0	3	66	0.0	0.0	0.0	134	66	3
plasmidfinder	mpSPAdes	8	0	1	81	0.0	0.0	0.0	157	81	1
plasmidfinder	mpSPAdes	9	0	3	60	0.0	0.0	0.0	131	60	3
platon	megahit	0	106	610	44	0.14804469273743018	0.7066666666666667	0.2448036951501155	401783	150	716
platon	megahit	1	87	514	19	0.1447587354409318	0.8207547169811321	0.24611032531824611	508942	106	601
platon	megahit	2	90	709	45	0.11264080100125157	0.6666666666666666	0.19271948608137046	524111	135	799
platon	megahit	3	89	628	84	0.12412831241283125	0.5144508670520231	0.2	524058	173	717
platon	megahit	4	78	458	57	0.1455223880597015	0.5777777777777777	0.23248882265275705	360048	135	536
platon	megahit	5	68	488	91	0.1223021582733813	0.4276729559748428	0.19020979020979023	401064	159	556
platon	megahit	6	69	661	55	0.09452054794520548	0.5564516129032258	0.16159250585480095	457606	124	730
platon	megahit	7	79	488	28	0.13932980599647266	0.7383177570093458	0.23442136498516317	428985	107	567
platon	megahit	8	84	548	44	0.13291139240506328	0.65625	0.22105263157894733	540913	128	632
platon	megahit	9	75	428	33	0.14910536779324055	0.6944444444444444	0.2454991816693944	417836	108	503
platon	mpSPAdes	0	99	99	0	0.5	1.0	0.6666666666666666	198	99	198
platon	mpSPAdes	1	81	73	0	0.525974025974026	1.0	0.6893617021276596	154	81	154
platon	mpSPAdes	2	82	81	0	0.5030674846625767	1.0	0.6693877551020408	163	82	163
platon	mpSPAdes	3	85	73	0	0.5379746835443038	1.0	0.6995884773662552	158	85	158
platon	mpSPAdes	4	63	65	0	0.4921875	1.0	0.6596858638743456	130	63	128
platon	mpSPAdes	5	58	65	0	0.4715447154471545	1.0	0.6408839779005524	124	58	123
platon	mpSPAdes	6	63	71	0	0.4701492537313433	1.0	0.6395939086294417	135	63	134
platon	mpSPAdes	7	66	68	0	0.4925373134328358	1.0	0.66	134	66	134
platon	mpSPAdes	8	81	76	0	0.5159235668789809	1.0	0.6806722689075629	157	81	157
platon	mpSPAdes	9	60	70	0	0.46153846153846156	1.0	0.631578947368421	131	60	130
vv	megahit	0	20	145	130	0.12121212121212122	0.13333333333333333	0.126984126984127	401783	150	165
vv	megahit	1	19	182	87	0.0945273631840796	0.1792452830188679	0.12377850162866451	508942	106	201
vv	megahit	2	18	158	117	0.10227272727272728	0.13333333333333333	0.11575562700964631	524111	135	176
vv	megahit	3	16	161	157	0.0903954802259887	0.09248554913294797	0.09142857142857143	524058	173	177
vv	megahit	4	14	142	121	0.08974358974358974	0.1037037037037037	0.09621993127147765	360048	135	156
vv	megahit	5	13	145	146	0.08227848101265822	0.08176100628930817	0.08201892744479496	401064	159	158
vv	megahit	6	15	153	109	0.08928571428571429	0.12096774193548387	0.10273972602739725	457606	124	168
vv	megahit	7	16	180	91	0.08163265306122448	0.14953271028037382	0.1056105610561056	428985	107	196
vv	megahit	8	15	150	113	0.09090909090909091	0.1171875	0.10238907849829353	540913	128	165
vv	megahit	9	17	148	91	0.10303030303030303	0.1574074074074074	0.12454212454212453	417836	108	165
vv	mpSPAdes	0	18	1	81	0.9473684210526315	0.18181818181818182	0.3050847457627119	198	99	19
vv	mpSPAdes	1	15	3	66	0.8333333333333334	0.18518518518518517	0.303030303030303	154	81	18
vv	mpSPAdes	2	17	4	65	0.8095238095238095	0.2073170731707317	0.33009708737864074	163	82	21
vv	mpSPAdes	3	15	2	70	0.8823529411764706	0.17647058823529413	0.29411764705882354	158	85	17
vv	mpSPAdes	4	11	2	52	0.8461538461538461	0.1746031746031746	0.2894736842105263	130	63	13
vv	mpSPAdes	5	11	0	47	1.0	0.1896551724137931	0.3188405797101449	124	58	11
vv	mpSPAdes	6	11	1	52	0.9166666666666666	0.1746031746031746	0.29333333333333333	135	63	12
vv	mpSPAdes	7	14	2	52	0.875	0.21212121212121213	0.3414634146341463	134	66	16
vv	mpSPAdes	8	13	3	68	0.8125	0.16049382716049382	0.26804123711340205	157	81	16
vv	mpSPAdes	9	13	2	47	0.8666666666666667	0.21666666666666667	0.3466666666666666	131	60	15
plasx05	megahit	0	91	870	59	0.09469302809573361	0.6066666666666667	0.1638163816381638	401783	150	961
plasx05	megahit	1	78	1009	28	0.07175712971481141	0.7358490566037735	0.13076278290025148	508942	106	1087
plasx05	megahit	2	73	1120	62	0.06119027661357921	0.5407407407407407	0.10993975903614459	524111	135	1193
plasx05	megahit	3	87	980	86	0.08153701968134958	0.5028901734104047	0.14032258064516132	524058	173	1067
plasx05	megahit	4	73	724	62	0.09159347553324969	0.5407407407407407	0.15665236051502146	360048	135	797
plasx05	megahit	5	69	738	90	0.08550185873605948	0.4339622641509434	0.14285714285714282	401064	159	807
plasx05	megahit	6	69	887	55	0.07217573221757322	0.5564516129032258	0.12777777777777777	457606	124	956
plasx05	megahit	7	74	889	33	0.07684319833852545	0.6915887850467289	0.1383177570093458	428985	107	963
plasx05	megahit	8	78	925	50	0.07776669990029911	0.609375	0.13793103448275865	540913	128	1003
plasx05	megahit	9	70	759	38	0.08443908323281062	0.6481481481481481	0.14941302027748132	417836	108	829
plasx05	mpSPAdes	0	77	32	22	0.7064220183486238	0.7777777777777778	0.7403846153846154	198	99	109
plasx05	mpSPAdes	1	64	25	17	0.7191011235955056	0.7901234567901234	0.7529411764705881	154	81	89
plasx05	mpSPAdes	2	64	27	18	0.7032967032967034	0.7804878048780488	0.739884393063584	163	82	91
plasx05	mpSPAdes	3	67	25	18	0.7282608695652174	0.788235294117647	0.7570621468926554	158	85	92
plasx05	mpSPAdes	4	48	21	15	0.6956521739130435	0.7619047619047619	0.7272727272727272	130	63	69
plasx05	mpSPAdes	5	50	18	8	0.7352941176470589	0.8620689655172413	0.7936507936507937	124	58	68
plasx05	mpSPAdes	6	54	25	9	0.6835443037974683	0.8571428571428571	0.7605633802816901	135	63	79
plasx05	mpSPAdes	7	55	22	11	0.7142857142857143	0.8333333333333334	0.7692307692307692	134	66	77
plasx05	mpSPAdes	8	65	26	16	0.7142857142857143	0.8024691358024691	0.7558139534883721	157	81	91
plasx05	mpSPAdes	9	48	24	12	0.6666666666666666	0.8	0.7272727272727272	131	60	72
plasx075	megahit	0	75	254	75	0.22796352583586627	0.5	0.31315240083507306	401783	150	329
plasx075	megahit	1	70	308	36	0.18518518518518517	0.660377358490566	0.2892561983471074	508942	106	378
plasx075	megahit	2	61	309	74	0.16486486486486487	0.45185185185185184	0.2415841584158416	524111	135	370
plasx075	megahit	3	70	298	103	0.19021739130434784	0.4046242774566474	0.25878003696857677	524058	173	368
plasx075	megahit	4	58	229	77	0.20209059233449478	0.42962962962962964	0.2748815165876777	360048	135	287
plasx075	megahit	5	59	250	100	0.19093851132686085	0.3710691823899371	0.25213675213675213	401064	159	309
plasx075	megahit	6	62	287	62	0.17765042979942694	0.5	0.26215644820295986	457606	124	349
plasx075	megahit	7	58	261	49	0.18181818181818182	0.5420560747663551	0.2723004694835681	428985	107	319
plasx075	megahit	8	66	285	62	0.18803418803418803	0.515625	0.2755741127348643	540913	128	351
plasx075	megahit	9	59	246	49	0.19344262295081968	0.5462962962962963	0.2857142857142857	417836	108	305
plasx075	mpSPAdes	0	68	23	31	0.7472527472527473	0.6868686868686869	0.7157894736842105	198	99	91
plasx075	mpSPAdes	1	53	17	28	0.7571428571428571	0.654320987654321	0.7019867549668874	154	81	70
plasx075	mpSPAdes	2	54	20	28	0.7297297297297297	0.6585365853658537	0.6923076923076923	163	82	74
plasx075	mpSPAdes	3	59	17	26	0.7763157894736842	0.6941176470588235	0.732919254658385	158	85	76
plasx075	mpSPAdes	4	40	13	23	0.7547169811320755	0.6349206349206349	0.6896551724137931	130	63	53
plasx075	mpSPAdes	5	38	15	20	0.7169811320754716	0.6551724137931034	0.6846846846846846	124	58	53
plasx075	mpSPAdes	6	43	19	20	0.6935483870967742	0.6825396825396826	0.6880000000000001	135	63	62
plasx075	mpSPAdes	7	45	15	21	0.75	0.6818181818181818	0.7142857142857143	134	66	60
plasx075	mpSPAdes	8	52	17	29	0.7536231884057971	0.6419753086419753	0.6933333333333332	157	81	69
plasx075	mpSPAdes	9	41	18	19	0.6949152542372882	0.6833333333333333	0.6890756302521008	131	60	59
plasx09	megahit	0	60	111	90	0.3508771929824561	0.4	0.37383177570093457	401783	150	171
plasx09	megahit	1	55	141	51	0.28061224489795916	0.5188679245283019	0.3642384105960265	508942	106	196
plasx09	megahit	2	51	127	84	0.28651685393258425	0.37777777777777777	0.3258785942492013	524111	135	178
plasx09	megahit	3	52	114	121	0.3132530120481928	0.30057803468208094	0.3067846607669617	524058	173	166
plasx09	megahit	4	46	98	89	0.3194444444444444	0.34074074074074073	0.3297491039426523	360048	135	144
plasx09	megahit	5	50	128	109	0.2808988764044944	0.31446540880503143	0.2967359050445104	401064	159	178
plasx09	megahit	6	47	127	77	0.27011494252873564	0.3790322580645161	0.3154362416107383	457606	124	174
plasx09	megahit	7	50	118	57	0.2976190476190476	0.4672897196261682	0.36363636363636365	428985	107	168
plasx09	megahit	8	51	119	77	0.3	0.3984375	0.3422818791946308	540913	128	170
plasx09	megahit	9	49	107	59	0.3141025641025641	0.4537037037037037	0.37121212121212116	417836	108	156
plasx09	mpSPAdes	0	55	13	44	0.8088235294117647	0.5555555555555556	0.6586826347305389	198	99	68
plasx09	mpSPAdes	1	43	10	38	0.8113207547169812	0.5308641975308642	0.6417910447761194	154	81	53
plasx09	mpSPAdes	2	45	12	37	0.7894736842105263	0.5487804878048781	0.6474820143884893	163	82	57
plasx09	mpSPAdes	3	48	10	37	0.8275862068965517	0.5647058823529412	0.6713286713286712	158	85	58
plasx09	mpSPAdes	4	32	9	31	0.7804878048780488	0.5079365079365079	0.6153846153846154	130	63	41
plasx09	mpSPAdes	5	32	11	26	0.7441860465116279	0.5517241379310345	0.6336633663366337	124	58	43
plasx09	mpSPAdes	6	32	12	31	0.7272727272727273	0.5079365079365079	0.5981308411214953	135	63	44
plasx09	mpSPAdes	7	37	9	29	0.8043478260869565	0.5606060606060606	0.6607142857142857	134	66	46
plasx09	mpSPAdes	8	41	10	40	0.803921568627451	0.5061728395061729	0.6212121212121212	157	81	51
plasx09	mpSPAdes	9	34	9	26	0.7906976744186046	0.5666666666666667	0.6601941747572816	131	60	43
