classifier	assembler	sample	TP_genomes	FP_genomes	FN_genomes	precision_genome	recall_genome	f1_score_genome	total_reference_genomes	predicted_genomes_with_plasmids	total_contigs	predicted_plasmid_contigs	unmapped_predicted_plasmids	total_correctly_predicted_contigs	total_missed_contigs
DMC	megahit	0	94	44810	14	0.0020933547122750757	0.8703703703703703	0.004176664000710921	108	94	401783	44965	44810	97	53
DMC	megahit	1	82	53495	12	0.0015305074938873023	0.8723404255319149	0.0030556538913007023	94	82	508942	53631	53495	85	21
DMC	megahit	2	81	60556	13	0.0013358180648778799	0.8617021276595744	0.0026675009467981756	94	81	524111	60689	60556	84	52
DMC	megahit	3	87	57273	15	0.0015167364016736402	0.8529411764705882	0.0030280881278062026	102	87	524058	57433	57273	102	72
DMC	megahit	4	70	39139	17	0.0017853043943992452	0.8045977011494253	0.003562703583061889	87	70	360048	39263	39139	79	56
DMC	megahit	5	75	41639	13	0.001797957520256988	0.8522727272727273	0.0035883450552605138	88	75	401064	41784	41639	88	71
DMC	megahit	6	72	48484	15	0.0014828239558447977	0.8275862068965517	0.002960343728799622	87	72	457606	48606	48484	75	50
DMC	megahit	7	74	48146	14	0.0015346329323931978	0.8409090909090909	0.0030636747536639895	88	74	428985	48268	48146	77	31
DMC	megahit	8	83	58800	12	0.0014095749197561265	0.8736842105263158	0.0028146088371935295	95	83	540913	58937	58800	89	39
DMC	megahit	9	66	43289	16	0.0015223157651943259	0.8048780487804879	0.00303888390082188	82	66	417836	43397	43289	69	39
DMC	mpSPAdes	0	83	4	16	0.9540229885057471	0.8383838383838383	0.8924731182795698	99	83	198	145	4	83	16
DMC	mpSPAdes	1	68	6	13	0.918918918918919	0.8395061728395061	0.8774193548387097	81	68	154	111	6	68	13
DMC	mpSPAdes	2	72	5	11	0.935064935064935	0.8674698795180723	0.9	83	72	163	117	5	72	11
DMC	mpSPAdes	3	74	7	11	0.9135802469135802	0.8705882352941177	0.8915662650602408	85	74	158	116	7	74	11
DMC	mpSPAdes	4	54	10	9	0.84375	0.8571428571428571	0.8503937007874015	63	54	130	94	10	54	9
DMC	mpSPAdes	5	48	6	10	0.8888888888888888	0.8275862068965517	0.8571428571428572	58	48	124	87	6	48	10
DMC	mpSPAdes	6	51	11	12	0.8225806451612904	0.8095238095238095	0.8160000000000001	63	51	135	93	11	51	12
DMC	mpSPAdes	7	57	6	9	0.9047619047619048	0.8636363636363636	0.8837209302325582	66	57	134	101	6	57	9
DMC	mpSPAdes	8	69	10	12	0.8734177215189873	0.8518518518518519	0.8624999999999999	81	69	157	110	10	69	12
DMC	mpSPAdes	9	53	10	7	0.8412698412698413	0.8833333333333333	0.8617886178861788	60	53	131	93	10	53	7
genomad	megahit	0	61	1208	47	0.04806934594168637	0.5648148148148148	0.08859840232389252	108	61	401783	1287	1208	61	89
genomad	megahit	1	52	1154	42	0.04311774461028192	0.5531914893617021	0.07999999999999999	94	52	508942	1223	1154	54	52
genomad	megahit	2	53	1241	41	0.04095826893353941	0.5638297872340425	0.07636887608069165	94	53	524111	1306	1241	54	82
genomad	megahit	3	57	1185	45	0.04589371980676329	0.5588235294117647	0.08482142857142858	102	57	524058	1255	1185	57	117
genomad	megahit	4	50	896	37	0.052854122621564484	0.5747126436781609	0.0968054211035818	87	50	360048	960	896	52	83
genomad	megahit	5	50	887	38	0.05336179295624333	0.5681818181818182	0.0975609756097561	88	50	401064	948	887	50	109
genomad	megahit	6	46	1133	41	0.039016115351993216	0.5287356321839081	0.07266982622432859	87	46	457606	1189	1133	46	79
genomad	megahit	7	53	1004	35	0.050141911069063384	0.6022727272727273	0.09257641921397379	88	53	428985	1073	1004	56	52
genomad	megahit	8	53	965	42	0.05206286836935167	0.5578947368421052	0.09523809523809523	95	53	540913	1028	965	53	75
genomad	megahit	9	49	950	33	0.04904904904904905	0.5975609756097561	0.09065679925994449	82	49	417836	1012	950	51	57
genomad	mpSPAdes	0	57	2	42	0.9661016949152542	0.5757575757575758	0.7215189873417721	99	57	198	78	2	57	42
genomad	mpSPAdes	1	44	3	37	0.9361702127659575	0.5432098765432098	0.6875	81	44	154	60	3	44	37
genomad	mpSPAdes	2	48	4	35	0.9230769230769231	0.5783132530120482	0.7111111111111112	83	48	163	64	4	48	35
genomad	mpSPAdes	3	50	5	35	0.9090909090909091	0.5882352941176471	0.7142857142857143	85	50	158	66	5	50	35
genomad	mpSPAdes	4	36	6	27	0.8571428571428571	0.5714285714285714	0.6857142857142857	63	36	130	54	6	36	27
genomad	mpSPAdes	5	35	1	23	0.9722222222222222	0.603448275862069	0.7446808510638298	58	35	124	44	1	35	23
genomad	mpSPAdes	6	39	6	24	0.8666666666666667	0.6190476190476191	0.7222222222222222	63	39	135	52	6	39	24
genomad	mpSPAdes	7	42	6	24	0.875	0.6363636363636364	0.7368421052631579	66	42	134	58	6	42	24
genomad	mpSPAdes	8	47	8	34	0.8545454545454545	0.5802469135802469	0.6911764705882354	81	47	157	65	8	47	34
genomad	mpSPAdes	9	37	3	23	0.925	0.6166666666666667	0.74	60	37	131	51	3	37	23
mobrecon	megahit	0	5	899	103	0.0055309734513274336	0.046296296296296294	0.009881422924901184	108	5	401783	905	899	5	145
mobrecon	megahit	1	3	1000	91	0.0029910269192422734	0.031914893617021274	0.0054694621695533276	94	3	508942	1004	1000	3	103
mobrecon	megahit	2	4	1221	90	0.0032653061224489797	0.0425531914893617	0.006065200909780137	94	4	524111	1226	1221	5	131
mobrecon	megahit	3	4	867	98	0.004592422502870264	0.0392156862745098	0.008221993833504625	102	4	524058	872	867	4	170
mobrecon	megahit	4	4	500	83	0.007936507936507936	0.04597701149425287	0.01353637901861252	87	4	360048	506	500	6	129
mobrecon	megahit	5	3	546	85	0.00546448087431694	0.03409090909090909	0.009419152276295133	88	3	401064	550	546	3	156
mobrecon	megahit	6	3	1063	84	0.0028142589118198874	0.034482758620689655	0.005203816131830008	87	3	457606	1067	1063	3	122
mobrecon	megahit	7	3	864	85	0.0034602076124567475	0.03409090909090909	0.006282722513089006	88	3	428985	868	864	3	105
mobrecon	megahit	8	4	959	91	0.004153686396677051	0.042105263157894736	0.007561436672967864	95	4	540913	963	959	4	124
mobrecon	megahit	9	2	773	80	0.0025806451612903226	0.024390243902439025	0.004667444574095683	82	2	417836	776	773	2	106
mobrecon	mpSPAdes	0	2	0	97	1.0	0.020202020202020204	0.03960396039603961	99	2	198	3	0	2	97
mobrecon	mpSPAdes	1	2	3	79	0.4	0.024691358024691357	0.046511627906976744	81	2	154	6	3	2	79
mobrecon	mpSPAdes	2	2	2	81	0.5	0.024096385542168676	0.04597701149425288	83	2	163	5	2	2	81
mobrecon	mpSPAdes	3	3	4	82	0.42857142857142855	0.03529411764705882	0.06521739130434782	85	3	158	8	4	3	82
mobrecon	mpSPAdes	4	2	3	61	0.4	0.031746031746031744	0.058823529411764705	63	2	130	6	3	2	61
mobrecon	mpSPAdes	5	2	0	56	1.0	0.034482758620689655	0.06666666666666667	58	2	124	2	0	2	56
mobrecon	mpSPAdes	6	2	2	61	0.5	0.031746031746031744	0.05970149253731343	63	2	135	5	2	2	61
mobrecon	mpSPAdes	7	3	3	63	0.5	0.045454545454545456	0.08333333333333334	66	3	134	7	3	3	63
mobrecon	mpSPAdes	8	2	1	79	0.6666666666666666	0.024691358024691357	0.047619047619047616	81	2	157	4	1	2	79
mobrecon	mpSPAdes	9	1	3	59	0.25	0.016666666666666666	0.03125	60	1	131	5	3	1	59
plasclass	megahit	0	36	47011	72	0.0007651922545539567	0.3333333333333333	0.0015268794401442052	108	36	401783	47079	47011	45	105
plasclass	megahit	1	28	61906	66	0.0004520941647560306	0.2978723404255319	0.0009028180821564454	94	28	508942	61956	61906	31	75
plasclass	megahit	2	30	62556	64	0.0004793404275716614	0.3191489361702128	0.0009572431397574984	94	30	524111	62613	62556	40	96
plasclass	megahit	3	33	61682	69	0.0005347160333792433	0.3235294117647059	0.0010676674701133994	102	33	524058	61771	61682	58	116
plasclass	megahit	4	32	41045	55	0.0007790247583806023	0.367816091954023	0.001554756583422408	87	32	360048	41114	41045	43	92
plasclass	megahit	5	32	47706	56	0.0006703255268339687	0.36363636363636365	0.001338184251244093	88	32	401064	47781	47706	52	107
plasclass	megahit	6	34	52544	53	0.0006466582981475142	0.39080459770114945	0.001291180100636096	87	34	457606	52608	52544	39	86
plasclass	megahit	7	30	49567	58	0.0006048752948767062	0.3409090909090909	0.00120760792995874	88	30	428985	49625	49567	38	70
plasclass	megahit	8	35	62796	60	0.0005570498639206761	0.3684210526315789	0.0011124177605441312	95	35	540913	62871	62796	47	81
plasclass	megahit	9	26	47905	56	0.0005424464334147003	0.3170731707317073	0.0010830400099972922	82	26	417836	47955	47905	33	75
plasclass	mpSPAdes	0	30	1	69	0.967741935483871	0.30303030303030304	0.46153846153846156	99	30	198	55	1	30	69
plasclass	mpSPAdes	1	23	4	58	0.8518518518518519	0.2839506172839506	0.42592592592592593	81	23	154	43	4	23	58
plasclass	mpSPAdes	2	27	5	56	0.84375	0.3253012048192771	0.4695652173913043	83	27	163	48	5	27	56
plasclass	mpSPAdes	3	21	5	64	0.8076923076923077	0.24705882352941178	0.3783783783783784	85	21	158	39	5	21	64
plasclass	mpSPAdes	4	16	7	47	0.6956521739130435	0.25396825396825395	0.3720930232558139	63	16	130	31	7	16	47
plasclass	mpSPAdes	5	19	4	39	0.8260869565217391	0.3275862068965517	0.4691358024691358	58	19	124	32	4	19	39
plasclass	mpSPAdes	6	20	4	43	0.8333333333333334	0.31746031746031744	0.45977011494252873	63	20	135	33	4	20	43
plasclass	mpSPAdes	7	22	5	44	0.8148148148148148	0.3333333333333333	0.47311827956989244	66	22	134	40	5	22	44
plasclass	mpSPAdes	8	24	4	57	0.8571428571428571	0.2962962962962963	0.4403669724770642	81	24	157	41	4	24	57
plasclass	mpSPAdes	9	23	6	37	0.7931034482758621	0.38333333333333336	0.5168539325842697	60	23	131	39	6	23	37
plasme	megahit	0	21	10118	87	0.0020712101785185914	0.19444444444444445	0.004098760612862301	108	21	401783	10155	10118	21	129
plasme	megahit	1	17	10690	77	0.0015877463341739048	0.18085106382978725	0.003147856679937043	94	17	508942	10725	10690	20	86
plasme	megahit	2	17	12434	77	0.0013653521805477471	0.18085106382978725	0.0027102431247508964	94	17	524111	12461	12434	18	118
plasme	megahit	3	19	11809	83	0.0016063577950625634	0.18627450980392157	0.0031852472757753557	102	19	524058	11843	11809	20	154
plasme	megahit	4	14	7872	73	0.001775297996449404	0.16091954022988506	0.003511852502194908	87	14	360048	7907	7872	19	116
plasme	megahit	5	16	8056	72	0.0019821605550049554	0.18181818181818182	0.00392156862745098	88	16	401064	8086	8056	16	143
plasme	megahit	6	16	9860	71	0.0016200891049007696	0.1839080459770115	0.003211883970691559	87	16	457606	9895	9860	21	104
plasme	megahit	7	16	9047	72	0.0017654198389054397	0.18181818181818182	0.003496885586274724	88	16	428985	9080	9047	18	90
plasme	megahit	8	19	10864	76	0.0017458421391160525	0.2	0.0034614683913281106	95	19	540913	10895	10864	21	107
plasme	megahit	9	14	7106	68	0.001966292134831461	0.17073170731707318	0.0038878089419605664	82	14	417836	7133	7106	17	91
plasme	mpSPAdes	0	16	1	83	0.9411764705882353	0.16161616161616163	0.2758620689655173	99	16	198	30	1	16	83
plasme	mpSPAdes	1	13	3	68	0.8125	0.16049382716049382	0.26804123711340205	81	13	154	24	3	13	68
plasme	mpSPAdes	2	16	2	67	0.8888888888888888	0.1927710843373494	0.31683168316831684	83	16	163	25	2	16	67
plasme	mpSPAdes	3	14	5	71	0.7368421052631579	0.16470588235294117	0.2692307692307692	85	14	158	28	5	14	71
plasme	mpSPAdes	4	9	5	54	0.6428571428571429	0.14285714285714285	0.23376623376623376	63	9	130	24	5	9	54
plasme	mpSPAdes	5	9	2	49	0.8181818181818182	0.15517241379310345	0.26086956521739135	58	9	124	18	2	9	49
plasme	mpSPAdes	6	9	7	54	0.5625	0.14285714285714285	0.22784810126582278	63	9	135	24	7	9	54
plasme	mpSPAdes	7	12	5	54	0.7058823529411765	0.18181818181818182	0.28915662650602414	66	12	134	25	5	12	54
plasme	mpSPAdes	8	12	7	69	0.631578947368421	0.14814814814814814	0.24	81	12	157	27	7	12	69
plasme	mpSPAdes	9	8	4	52	0.6666666666666666	0.13333333333333333	0.2222222222222222	60	8	131	20	4	8	52
plasmidfinder	megahit	0	0	4	108	0.0	0.0	0.0	108	0	401783	4	4	0	150
plasmidfinder	megahit	1	1	6	93	0.14285714285714285	0.010638297872340425	0.019801980198019802	94	1	508942	7	6	1	105
plasmidfinder	megahit	2	0	3	94	0.0	0.0	0.0	94	0	524111	3	3	0	136
plasmidfinder	megahit	3	0	3	102	0.0	0.0	0.0	102	0	524058	3	3	0	174
plasmidfinder	megahit	4	0	3	87	0.0	0.0	0.0	87	0	360048	3	3	0	135
plasmidfinder	megahit	5	0	3	88	0.0	0.0	0.0	88	0	401064	3	3	0	159
plasmidfinder	megahit	6	0	4	87	0.0	0.0	0.0	87	0	457606	4	4	0	125
plasmidfinder	megahit	7	0	4	88	0.0	0.0	0.0	88	0	428985	4	4	0	108
plasmidfinder	megahit	8	0	4	95	0.0	0.0	0.0	95	0	540913	4	4	0	128
plasmidfinder	megahit	9	0	3	82	0.0	0.0	0.0	82	0	417836	3	3	0	108
plasmidfinder	mpSPAdes	0	0	0	99	0.0	0.0	0.0	99	0	198	0	0	0	99
plasmidfinder	mpSPAdes	1	0	3	81	0.0	0.0	0.0	81	0	154	3	3	0	81
plasmidfinder	mpSPAdes	2	0	2	83	0.0	0.0	0.0	83	0	163	2	2	0	83
plasmidfinder	mpSPAdes	3	0	3	85	0.0	0.0	0.0	85	0	158	3	3	0	85
plasmidfinder	mpSPAdes	4	0	3	63	0.0	0.0	0.0	63	0	130	3	3	0	63
plasmidfinder	mpSPAdes	5	0	0	58	0.0	0.0	0.0	58	0	124	0	0	0	58
plasmidfinder	mpSPAdes	6	0	2	63	0.0	0.0	0.0	63	0	135	2	2	0	63
plasmidfinder	mpSPAdes	7	0	3	66	0.0	0.0	0.0	66	0	134	3	3	0	66
plasmidfinder	mpSPAdes	8	0	1	81	0.0	0.0	0.0	81	0	157	1	1	0	81
plasmidfinder	mpSPAdes	9	0	3	60	0.0	0.0	0.0	60	0	131	3	3	0	60
platon	megahit	0	106	521	2	0.16905901116427433	0.9814814814814815	0.28843537414965986	108	106	401783	716	521	106	44
platon	megahit	1	87	448	7	0.16261682242990655	0.925531914893617	0.27662957074721783	94	87	508942	601	448	87	19
platon	megahit	2	90	644	4	0.1226158038147139	0.9574468085106383	0.21739130434782608	94	90	524111	799	644	91	45
platon	megahit	3	89	558	13	0.1375579598145286	0.8725490196078431	0.2376502002670227	102	89	524058	717	558	89	85
platon	megahit	4	78	405	9	0.16149068322981366	0.896551724137931	0.27368421052631575	87	78	360048	536	405	78	57
platon	megahit	5	68	433	20	0.13572854291417166	0.7727272727272727	0.23089983022071306	88	68	401064	556	433	68	91
platon	megahit	6	70	605	17	0.1037037037037037	0.8045977011494253	0.1837270341207349	87	70	457606	730	605	70	55
platon	megahit	7	78	428	10	0.1541501976284585	0.8863636363636364	0.26262626262626265	88	78	428985	567	428	79	29
platon	megahit	8	84	492	11	0.14583333333333334	0.8842105263157894	0.2503725782414307	95	84	540913	632	492	84	44
platon	megahit	9	74	375	8	0.16481069042316257	0.9024390243902439	0.2787193973634651	82	74	417836	503	375	75	33
platon	mpSPAdes	0	99	13	0	0.8839285714285714	1.0	0.9383886255924171	99	99	198	198	13	99	0
platon	mpSPAdes	1	81	12	0	0.8709677419354839	1.0	0.9310344827586207	81	81	154	154	12	81	0
platon	mpSPAdes	2	83	16	0	0.8383838383838383	1.0	0.9120879120879121	83	83	163	163	16	83	0
platon	mpSPAdes	3	85	14	0	0.8585858585858586	1.0	0.9239130434782609	85	85	158	158	14	85	0
platon	mpSPAdes	4	63	19	0	0.7682926829268293	1.0	0.8689655172413793	63	63	130	128	19	63	0
platon	mpSPAdes	5	58	18	0	0.7631578947368421	1.0	0.8656716417910448	58	58	124	123	18	58	0
platon	mpSPAdes	6	63	23	0	0.7325581395348837	1.0	0.8456375838926175	63	63	135	134	23	63	0
platon	mpSPAdes	7	66	14	0	0.825	1.0	0.9041095890410958	66	66	134	134	14	66	0
platon	mpSPAdes	8	81	20	0	0.801980198019802	1.0	0.8901098901098902	81	81	157	157	20	81	0
platon	mpSPAdes	9	60	23	0	0.7228915662650602	1.0	0.8391608391608391	60	60	131	130	23	60	0
vv	megahit	0	20	144	88	0.12195121951219512	0.18518518518518517	0.14705882352941174	108	20	401783	165	144	20	130
vv	megahit	1	19	181	75	0.095	0.20212765957446807	0.1292517006802721	94	19	508942	201	181	19	87
vv	megahit	2	19	157	75	0.10795454545454546	0.20212765957446807	0.14074074074074075	94	19	524111	176	157	19	117
vv	megahit	3	16	160	86	0.09090909090909091	0.1568627450980392	0.11510791366906475	102	16	524058	177	160	16	158
vv	megahit	4	14	142	73	0.08974358974358974	0.16091954022988506	0.11522633744855969	87	14	360048	156	142	14	121
vv	megahit	5	13	145	75	0.08227848101265822	0.14772727272727273	0.1056910569105691	88	13	401064	158	145	13	146
vv	megahit	6	15	153	72	0.08928571428571429	0.1724137931034483	0.11764705882352941	87	15	457606	168	153	15	110
vv	megahit	7	16	180	72	0.08163265306122448	0.18181818181818182	0.11267605633802816	88	16	428985	196	180	16	92
vv	megahit	8	15	150	80	0.09090909090909091	0.15789473684210525	0.11538461538461539	95	15	540913	165	150	15	113
vv	megahit	9	16	148	66	0.0975609756097561	0.1951219512195122	0.13008130081300812	82	16	417836	165	148	17	91
vv	mpSPAdes	0	18	0	81	1.0	0.18181818181818182	0.3076923076923077	99	18	198	19	0	18	81
vv	mpSPAdes	1	15	2	66	0.8823529411764706	0.18518518518518517	0.3061224489795918	81	15	154	18	2	15	66
vv	mpSPAdes	2	18	3	65	0.8571428571428571	0.21686746987951808	0.3461538461538462	83	18	163	21	3	18	65
vv	mpSPAdes	3	15	2	70	0.8823529411764706	0.17647058823529413	0.29411764705882354	85	15	158	17	2	15	70
vv	mpSPAdes	4	11	2	52	0.8461538461538461	0.1746031746031746	0.2894736842105263	63	11	130	13	2	11	52
vv	mpSPAdes	5	11	0	47	1.0	0.1896551724137931	0.3188405797101449	58	11	124	11	0	11	47
vv	mpSPAdes	6	11	1	52	0.9166666666666666	0.1746031746031746	0.29333333333333333	63	11	135	12	1	11	52
vv	mpSPAdes	7	14	2	52	0.875	0.21212121212121213	0.3414634146341463	66	14	134	16	2	14	52
vv	mpSPAdes	8	13	3	68	0.8125	0.16049382716049382	0.26804123711340205	81	13	157	16	3	13	68
vv	mpSPAdes	9	13	2	47	0.8666666666666667	0.21666666666666667	0.3466666666666666	60	13	131	15	2	13	47
plasx05	megahit	0	91	835	17	0.09827213822894168	0.8425925925925926	0.1760154738878143	108	91	401783	961	835	91	59
plasx05	megahit	1	76	976	18	0.07224334600760456	0.8085106382978723	0.13263525305410123	94	76	508942	1087	976	78	28
plasx05	megahit	2	72	1090	22	0.06196213425129088	0.7659574468085106	0.11464968152866242	94	72	524111	1193	1090	74	62
plasx05	megahit	3	83	941	19	0.0810546875	0.8137254901960784	0.14742451154529307	102	83	524058	1067	941	87	87
plasx05	megahit	4	72	691	15	0.09436435124508519	0.8275862068965517	0.16941176470588232	87	72	360048	797	691	73	62
plasx05	megahit	5	67	710	21	0.08622908622908623	0.7613636363636364	0.1549132947976879	88	67	401064	807	710	69	90
plasx05	megahit	6	69	858	18	0.0744336569579288	0.7931034482758621	0.13609467455621302	87	69	457606	956	858	70	55
plasx05	megahit	7	74	863	14	0.07897545357524013	0.8409090909090909	0.144390243902439	88	74	428985	963	863	75	33
plasx05	megahit	8	76	897	19	0.07810894141829394	0.8	0.14232209737827717	95	76	540913	1003	897	78	50
plasx05	megahit	9	67	736	15	0.08343711083437111	0.8170731707317073	0.15141242937853108	82	67	417836	829	736	70	38
plasx05	mpSPAdes	0	77	1	22	0.9871794871794872	0.7777777777777778	0.8700564971751413	99	77	198	109	1	77	22
plasx05	mpSPAdes	1	64	3	17	0.9552238805970149	0.7901234567901234	0.8648648648648647	81	64	154	89	3	64	17
plasx05	mpSPAdes	2	65	2	18	0.9701492537313433	0.7831325301204819	0.8666666666666668	83	65	163	91	2	65	18
plasx05	mpSPAdes	3	67	2	18	0.9710144927536232	0.788235294117647	0.8701298701298701	85	67	158	92	2	67	18
plasx05	mpSPAdes	4	48	3	15	0.9411764705882353	0.7619047619047619	0.8421052631578947	63	48	130	69	3	48	15
plasx05	mpSPAdes	5	50	4	8	0.9259259259259259	0.8620689655172413	0.8928571428571429	58	50	124	68	4	50	8
plasx05	mpSPAdes	6	54	7	9	0.8852459016393442	0.8571428571428571	0.8709677419354839	63	54	135	79	7	54	9
plasx05	mpSPAdes	7	55	4	11	0.9322033898305084	0.8333333333333334	0.8800000000000001	66	55	134	77	4	55	11
plasx05	mpSPAdes	8	65	7	16	0.9027777777777778	0.8024691358024691	0.8496732026143791	81	65	157	91	7	65	16
plasx05	mpSPAdes	9	48	4	12	0.9230769230769231	0.8	0.8571428571428571	60	48	131	72	4	48	12
plasx075	megahit	0	75	227	33	0.24834437086092714	0.6944444444444444	0.36585365853658536	108	75	401783	329	227	75	75
plasx075	megahit	1	68	285	26	0.19263456090651557	0.723404255319149	0.3042505592841163	94	68	508942	378	285	70	36
plasx075	megahit	2	61	287	33	0.1752873563218391	0.648936170212766	0.27601809954751133	94	61	524111	370	287	62	74
plasx075	megahit	3	67	275	35	0.195906432748538	0.6568627450980392	0.30180180180180183	102	67	524058	368	275	70	104
plasx075	megahit	4	57	209	30	0.21428571428571427	0.6551724137931034	0.32294617563739375	87	57	360048	287	209	58	77
plasx075	megahit	5	58	230	30	0.2013888888888889	0.6590909090909091	0.30851063829787234	88	58	401064	309	230	59	100
plasx075	megahit	6	61	267	26	0.18597560975609756	0.7011494252873564	0.29397590361445786	87	61	457606	349	267	62	63
plasx075	megahit	7	58	243	30	0.19269102990033224	0.6590909090909091	0.2982005141388175	88	58	428985	319	243	58	50
plasx075	megahit	8	64	262	31	0.19631901840490798	0.6736842105263158	0.30403800475059384	95	64	540913	351	262	66	62
plasx075	megahit	9	57	230	25	0.1986062717770035	0.6951219512195121	0.3089430894308943	82	57	417836	305	230	59	49
plasx075	mpSPAdes	0	68	1	31	0.9855072463768116	0.6868686868686869	0.8095238095238095	99	68	198	91	1	68	31
plasx075	mpSPAdes	1	53	2	28	0.9636363636363636	0.654320987654321	0.7794117647058824	81	53	154	70	2	53	28
plasx075	mpSPAdes	2	55	2	28	0.9649122807017544	0.6626506024096386	0.7857142857142856	83	55	163	74	2	55	28
plasx075	mpSPAdes	3	59	2	26	0.9672131147540983	0.6941176470588235	0.8082191780821918	85	59	158	76	2	59	26
plasx075	mpSPAdes	4	40	3	23	0.9302325581395349	0.6349206349206349	0.7547169811320754	63	40	130	53	3	40	23
plasx075	mpSPAdes	5	38	4	20	0.9047619047619048	0.6551724137931034	0.7599999999999999	58	38	124	53	4	38	20
plasx075	mpSPAdes	6	43	7	20	0.86	0.6825396825396826	0.7610619469026547	63	43	135	62	7	43	20
plasx075	mpSPAdes	7	45	4	21	0.9183673469387755	0.6818181818181818	0.782608695652174	66	45	134	60	4	45	21
plasx075	mpSPAdes	8	52	7	29	0.8813559322033898	0.6419753086419753	0.7428571428571428	81	52	157	69	7	52	29
plasx075	mpSPAdes	9	41	4	19	0.9111111111111111	0.6833333333333333	0.7809523809523808	60	41	131	59	4	41	19
plasx09	megahit	0	60	99	48	0.37735849056603776	0.5555555555555556	0.449438202247191	108	60	401783	171	99	60	90
plasx09	megahit	1	53	129	41	0.29120879120879123	0.5638297872340425	0.38405797101449274	94	53	508942	196	129	55	51
plasx09	megahit	2	51	116	43	0.30538922155688625	0.5425531914893617	0.39080459770114945	94	51	524111	178	116	52	84
plasx09	megahit	3	52	104	50	0.3333333333333333	0.5098039215686274	0.40310077519379844	102	52	524058	166	104	52	122
plasx09	megahit	4	46	89	41	0.34074074074074073	0.5287356321839081	0.4144144144144144	87	46	360048	144	89	46	89
plasx09	megahit	5	49	122	39	0.28654970760233917	0.5568181818181818	0.37837837837837834	88	49	401064	178	122	50	109
plasx09	megahit	6	47	120	40	0.281437125748503	0.5402298850574713	0.3700787401574803	87	47	457606	174	120	47	78
plasx09	megahit	7	50	108	38	0.31645569620253167	0.5681818181818182	0.4065040650406504	88	50	428985	168	108	50	58
plasx09	megahit	8	50	108	45	0.31645569620253167	0.5263157894736842	0.3952569169960474	95	50	540913	170	108	51	77
plasx09	megahit	9	47	99	35	0.3219178082191781	0.573170731707317	0.4122807017543859	82	47	417836	156	99	49	59
plasx09	mpSPAdes	0	55	1	44	0.9821428571428571	0.5555555555555556	0.7096774193548387	99	55	198	68	1	55	44
plasx09	mpSPAdes	1	43	2	38	0.9555555555555556	0.5308641975308642	0.6825396825396826	81	43	154	53	2	43	38
plasx09	mpSPAdes	2	46	2	37	0.9583333333333334	0.5542168674698795	0.7022900763358779	83	46	163	57	2	46	37
plasx09	mpSPAdes	3	48	2	37	0.96	0.5647058823529412	0.711111111111111	85	48	158	58	2	48	37
plasx09	mpSPAdes	4	32	3	31	0.9142857142857143	0.5079365079365079	0.653061224489796	63	32	130	41	3	32	31
plasx09	mpSPAdes	5	32	4	26	0.8888888888888888	0.5517241379310345	0.6808510638297872	58	32	124	43	4	32	26
plasx09	mpSPAdes	6	32	5	31	0.8648648648648649	0.5079365079365079	0.64	63	32	135	44	5	32	31
plasx09	mpSPAdes	7	37	4	29	0.9024390243902439	0.5606060606060606	0.6915887850467289	66	37	134	46	4	37	29
plasx09	mpSPAdes	8	41	6	40	0.8723404255319149	0.5061728395061729	0.640625	81	41	157	51	6	41	40
plasx09	mpSPAdes	9	34	4	26	0.8947368421052632	0.5666666666666667	0.6938775510204083	60	34	131	43	4	34	26
